1 16 16 4096 4 1 0 0 0
1 16 16 4096 4 2 0 0 0
1 16 16 4096 8 2 0 0 0
1 16 16 4096 8 4 0 0 0
1 32 16 4096 16 4 0 0 0
1 32 16 4096 32 4 0 0 0
1 32 16 4096 8 2 0 0 0
1 32 16 4096 8 4 0 0 0
1 64 16 4096 16 4 0 0 0
1 64 16 4096 32 4 0 0 0
1 64 16 4096 32 8 0 0 0
1 8 16 4096 1 1 0 0 0
1 8 16 4096 2 1 0 0 0
1 8 16 4096 4 1 0 0 0
1 8 16 4096 4 2 0 0 0
16 64 16 4096 4 2 0 0 0
16 64 16 4096 4 4 0 0 0
16 64 16 4096 8 2 0 0 0
16 64 16 4096 8 4 0 0 0
16 64 16 4096 8 8 0 0 0
2 16 16 4096 4 2 0 0 0
2 16 16 4096 8 2 0 0 0
2 32 16 4096 16 4 0 0 0
2 32 16 4096 32 4 0 0 0
2 32 16 4096 4 2 0 0 0
2 32 16 4096 8 2 0 0 0
2 32 16 4096 8 4 0 0 0
2 64 16 4096 16 4 0 0 0
2 64 16 4096 32 4 0 0 0
2 64 16 4096 32 8 0 0 0
20 64 16 4096 8 4 0 0 0
20 64 16 4096 8 8 0 0 0
4 32 16 4096 16 4 0 0 0
4 32 16 4096 4 2 0 0 0
4 32 16 4096 8 2 0 0 0
4 32 16 4096 8 4 0 0 0
4 64 16 4096 16 4 0 0 0
4 64 16 4096 32 4 0 0 0
4 64 16 4096 32 8 0 0 0
8 32 16 4096 4 2 0 0 0
8 32 16 4096 8 2 0 0 0
8 32 16 4096 8 4 0 0 0
8 64 16 4096 16 8 0 0 0
8 64 16 4096 32 4 0 0 0
8 64 16 4096 8 4 0 0 0
1 16 16 4096 4 1 0 0 0
1 16 16 4096 4 2 0 0 0
1 16 16 4096 8 2 0 0 0
1 16 16 4096 8 4 0 0 0
1 32 16 4096 16 4 0 0 0
1 32 16 4096 32 4 0 0 0
1 32 16 4096 8 2 0 0 0
1 32 16 4096 8 4 0 0 0
1 64 16 4096 16 4 0 0 0
1 64 16 4096 32 4 0 0 0
1 64 16 4096 32 8 0 0 0
1 8 16 4096 1 1 0 0 0
1 8 16 4096 2 1 0 0 0
1 8 16 4096 4 1 0 0 0
1 8 16 4096 4 2 0 0 0
16 32 16 4096 8 4 1 0 0
16 64 16 4096 4 2 1 0 0
16 64 16 4096 4 4 1 0 0
16 64 16 4096 8 2 1 0 0
16 64 16 4096 8 4 1 0 0
16 64 16 4096 8 8 1 0 0
2 16 16 4096 4 2 0 0 0
2 16 16 4096 8 2 0 0 0
2 32 16 4096 16 4 0 0 0
2 32 16 4096 32 4 0 0 0
2 32 16 4096 4 2 0 0 0
2 32 16 4096 8 2 0 0 0
2 32 16 4096 8 4 0 0 0
2 64 16 4096 16 4 0 0 0
2 64 16 4096 32 4 0 0 0
2 64 16 4096 32 8 0 0 1
20 64 16 4096 8 4 1 0 0
20 64 16 4096 8 8 1 0 0
4 32 16 4096 16 4 0 0 0
4 32 16 4096 4 2 0 0 0
4 32 16 4096 8 2 0 0 0
4 32 16 4096 8 4 0 0 0
4 64 16 4096 16 4 0 0 0
4 64 16 4096 32 4 0 0 0
4 64 16 4096 32 8 0 0 1
8 32 16 4096 4 2 0 0 0
8 32 16 4096 8 2 0 0 0
8 32 16 4096 8 4 0 0 0
8 64 16 4096 16 8 0 0 1
8 64 16 4096 8 4 0 0 1
1 64 64 4096 64 64 0 0 0
