1.23643131602533 0.999386724821;
0.898683696718484 0.997564906744;
0.926835677814848 0.89454799947;
0.900560373021238 0.994690799792;
0.904313778248748 0.987111953097;
0.911820798843447 0.964852619122;
1.06820032504105 0.999265160566;
1.07483556571524 0.998084335241;
0.926989523971954 0.990827026088;
0.957820465948156 0.640749430113;
0.929044709705566 0.979458467478;
0.933155171729924 0.949949943844;
0.971031057844519 0.999022079104;
0.975932874285214 0.997598815082;
0.985736628507597 0.992891886581;
1.01557433457818 0.983145799229;
1.02973900069273 0.565770528844;
1.01651858187403 0.964331713134;
1.01840710387803 0.920836647815;
0.916752768837435 0.998536104307;
0.919930768374307 0.996628504648;
0.926286856884032 0.990961434549;
0.938999390941099 0.972392069895;
1.21870229210100 0.999386724821;
0.853877451111076 0.997564906744;
0.867902645705264 0.89454799947;
0.854812411749686 0.994690799792;
0.856682355493976 0.987111953097;
0.860422332761909 0.964852619122;
1.06076229370701 0.999265160566;
1.06377233567148 0.998084335241;
0.847657120306084 0.990827026088;
0.863594920887566 0.640749430113;
0.848719517514485 0.979458467478;
0.850844364722508 0.949949943844;
0.958002080127347 0.999022079104;
0.960345251475833 0.997598815082;
0.965031630153214 0.992891886581;
0.883322085988367 0.983145799229;
0.891863558623421 0.565770528844;
0.883891464591425 0.964331713134;
0.885030244520184 0.920836647815;
0.891142748383143 0.998536104307;
0.892699276974086 0.996628504648;
0.895812364653601 0.990961434549;
0.902038661869500 0.972392069895;
1.15758470816202 0.999386724821;
0.840204891594586 0.997564906744;
0.847082483813392 0.89454799947;
0.840663379921370 0.994690799792;
0.841580364219752 0.987111953097;
0.843414363378998 0.964852619122;
1.04079079474734 0.999265160566;
1.04198857264789 0.998084335241;
0.819095979475512 0.990827026088;
0.827080952804791 0.640749430113;
0.819628258596021 0.979458467478;
0.820692839347252 0.949949943844;
0.950513172668152 0.999022079104;
0.951577153380379 0.997598815082;
0.953705124638354 0.992891886581;
0.822092078650777 0.983145799229;
0.826642544757803 0.565770528844;
0.822395412231766 0.964331713134;
0.823002092623746 0.920836647815;
0.883585648625081 0.998536104307;
0.884330290011837 0.996628504648;
0.885819581805892 0.990961434549;
0.888798201455265 0.972392069895;
1.21917640148514 0.999386724821;
0.996521749341215 0.997564906744;
1.05191427465462 0.89454799947;
1.00021437497862 0.994690799792;
1.00759971637323 0.987111953097;
1.02237075874305 0.964852619122;
1.06622968755327 0.999265160566;
1.08011608354514 0.998084335241;
1.07511148683251 0.990827026088;
1.13100922568094 0.640749430113;
1.07883774961977 0.979458467478;
1.08629038430443 0.949949943844;
0.995807777813645 0.999022079104;
1.00582238864057 0.997598815082;
1.02585196461318 0.992891886581;
1.16950092389927 0.983145799229;
1.18537135247655 0.565770528844;
1.17055889660802 0.964331713134;
1.17267486604991 0.920836647815;
0.973973318210510 0.998536104307;
0.980371804921749 0.996628504648;
0.993168987141744 0.990961434549;
1.01876418401869 0.972392069895;
0.821361219781551 0.999386724821;
0.799729770179105 0.997564906744;
0.803259109640401 0.89454799947;
0.799964945511025 0.994690799792;
0.800435345152725 0.987111953097;
0.801376340030806 0.964852619122;
0.807832693587501 0.999265160566;
0.808159622402318 0.998084335241;
0.827819338799821 0.990827026088;
0.832648017334797 0.640749430113;
0.828141051511533 0.979458467478;
0.828784562661898 0.949949943844;
0.799452608358082 0.999022079104;
0.799766384425661 0.997598815082;
0.800394047033739 0.992891886581;
0.894620523283881 0.983145799229;
0.895711013078818 0.565770528844;
0.894693161174069 0.964331713134;
0.894838463356254 0.920836647815;
0.795050023348914 0.998536104307;
0.795333550019387 0.996628504648;
0.795900685502217 0.990961434549;
0.797035284404403 0.972392069895;
0.800990600336795 0.999386724821;
0.772204523334351 0.997564906744;
0.774051753474525 0.89454799947;
0.772327621921904 0.994690799792;
0.772573840599424 0.987111953097;
0.773066363880181 0.964852619122;
