1 16 16 4096 1 1 0 0 0 1.23663
1 16 16 4096 16 1 0 0 0 0.991933
1 16 16 4096 16 16 0 0 0 0.922045
1 16 16 4096 16 2 0 0 0 0.910049
1 16 16 4096 16 4 0 0 0 0.886218
1 16 16 4096 16 8 0 0 0 0.896875
1 16 16 4096 2 1 0 0 0 1.0842
1 16 16 4096 2 2 0 0 0 1.07782
1 16 16 4096 32 2 0 0 0 0.922096
1 16 16 4096 32 32 0 0 0 0.965503
1 16 16 4096 32 4 0 0 0 0.906985
1 16 16 4096 32 8 0 0 0 0.915417
1 16 16 4096 4 1 0 0 0 1.02127
1 16 16 4096 4 2 0 0 0 0.96912
1 16 16 4096 4 4 0 0 0 0.976261
1 16 16 4096 64 2 0 0 0 1.02662
1 16 16 4096 64 32 0 0 0 1.0342
1 16 16 4096 64 4 0 0 0 1.01804
1 16 16 4096 64 8 0 0 0 1.01908
1 16 16 4096 8 1 0 0 0 0.997591
1 16 16 4096 8 2 0 0 0 0.927611
1 16 16 4096 8 4 0 0 0 0.908718
1 16 16 4096 8 8 0 0 0 0.921429
1 32 16 4096 1 1 0 0 0 1.21542
1 32 16 4096 16 1 0 0 0 0.966976
1 32 16 4096 16 16 0 0 0 0.867034
1 32 16 4096 16 2 0 0 0 0.884492
1 32 16 4096 16 4 0 0 0 0.853503
1 32 16 4096 16 8 0 0 0 0.85477
1 32 16 4096 2 1 0 0 0 1.06106
1 32 16 4096 2 2 0 0 0 1.05377
1 32 16 4096 32 2 0 0 0 0.870269
1 32 16 4096 32 32 0 0 0 0.85719
1 32 16 4096 32 4 0 0 0 0.83533
1 32 16 4096 32 8 0 0 0 0.830902
1 32 16 4096 4 1 0 0 0 0.998745
1 32 16 4096 4 2 0 0 0 0.945349
1 32 16 4096 4 4 0 0 0 0.950756
1 32 16 4096 64 2 0 0 0 0.889189
1 32 16 4096 64 32 0 0 0 0.892731
1 32 16 4096 64 4 0 0 0 0.873264
1 32 16 4096 64 8 0 0 0 0.87332
1 32 16 4096 8 1 0 0 0 0.975101
1 32 16 4096 8 2 0 0 0 0.904521
1 32 16 4096 8 4 0 0 0 0.883907
1 32 16 4096 8 8 0 0 0 0.893307
1 64 16 4096 1 1 0 0 0 1.21239
1 64 16 4096 16 1 0 0 0 0.96288
1 64 16 4096 16 16 0 0 0 0.858039
1 64 16 4096 16 2 0 0 0 0.879987
1 64 16 4096 16 4 0 0 0 0.848118
1 64 16 4096 16 8 0 0 0 0.846074
1 64 16 4096 2 1 0 0 0 1.05695
1 64 16 4096 2 2 0 0 0 1.0491
1 64 16 4096 32 2 0 0 0 0.864746
1 64 16 4096 32 32 0 0 0 0.83032
1 64 16 4096 32 4 0 0 0 0.825736
1 64 16 4096 32 8 0 0 0 0.815844
1 64 16 4096 4 1 0 0 0 0.994759
1 64 16 4096 4 2 0 0 0 0.941299
1 64 16 4096 4 4 0 0 0 0.945995
1 64 16 4096 64 2 0 0 0 0.860185
1 64 16 4096 64 32 0 0 0 0.821545
1 64 16 4096 64 4 0 0 0 0.82133
1 64 16 4096 64 8 0 0 0 0.810482
1 64 16 4096 8 1 0 0 0 0.971367
1 64 16 4096 8 2 0 0 0 0.900235
1 64 16 4096 8 4 0 0 0 0.878236
1 64 16 4096 8 8 0 0 0 0.885671
1 8 16 4096 1 1 0 0 0 1.28401
1 8 16 4096 16 1 0 0 0 1.05034
1 8 16 4096 16 16 0 0 0 1.06994
1 8 16 4096 16 2 0 0 0 0.988717
1 8 16 4096 16 4 0 0 0 0.988633
1 8 16 4096 16 8 0 0 0 1.02146
1 8 16 4096 2 1 0 0 0 1.13666
1 8 16 4096 2 2 0 0 0 1.13323
1 8 16 4096 32 2 0 0 0 1.08572
1 8 16 4096 32 32 0 0 0 1.13905
1 8 16 4096 32 4 0 0 0 1.08101
1 8 16 4096 32 8 0 0 0 1.08666
1 8 16 4096 4 1 0 0 0 1.07163
1 8 16 4096 4 2 0 0 0 1.02141
1 8 16 4096 4 4 0 0 0 1.03173
1 8 16 4096 64 2 0 0 0 1.17199
1 8 16 4096 64 32 0 0 0 1.17783
1 8 16 4096 64 4 0 0 0 1.16988
1 8 16 4096 64 8 0 0 0 1.16919
1 8 16 4096 8 1 0 0 0 1.05307
1 8 16 4096 8 2 0 0 0 0.98819
1 8 16 4096 8 4 0 0 0 0.980859
1 8 16 4096 8 8 0 0 0 1.01061
12 16 16 4096 1 1 0 0 0 0.831228
12 16 16 4096 16 1 0 0 0 0.806349
12 16 16 4096 16 16 0 0 0 0.805571
12 16 16 4096 16 2 0 0 0 0.800786
12 16 16 4096 16 4 0 0 0 0.798938
12 16 16 4096 16 8 0 0 0 0.800513
12 16 16 4096 2 1 0 0 0 0.813059
12 16 16 4096 2 2 0 0 0 0.813483
12 16 16 4096 32 2 0 0 0 0.825154
12 16 16 4096 32 32 0 0 0 0.835509
12 16 16 4096 32 4 0 0 0 0.828297
12 16 16 4096 32 8 0 0 0 0.830964
12 16 16 4096 4 1 0 0 0 0.807089
12 16 16 4096 4 2 0 0 0 0.801197
12 16 16 4096 4 4 0 0 0 0.802145
12 16 16 4096 64 2 0 0 0 0.89789
12 16 16 4096 64 32 0 0 0 0.894294
12 16 16 4096 64 4 0 0 0 0.898266
12 16 16 4096 64 8 0 0 0 0.897405
12 16 16 4096 8 1 0 0 0 0.80547
12 16 16 4096 8 2 0 0 0 0.799302
12 16 16 4096 8 4 0 0 0 0.796555
12 16 16 4096 8 8 0 0 0 0.797732
12 32 16 4096 1 1 0 0 0 0.810145
12 32 16 4096 16 1 0 0 0 0.783679
12 32 16 4096 16 16 0 0 0 0.776715
12 32 16 4096 16 2 0 0 0 0.77761
12 32 16 4096 16 4 0 0 0 0.775026
12 32 16 4096 16 8 0 0 0 0.774808
12 32 16 4096 2 1 0 0 0 0.791406
12 32 16 4096 2 2 0 0 0 0.791633
12 32 16 4096 32 2 0 0 0 0.778454
12 32 16 4096 32 32 0 0 0 0.78116
12 32 16 4096 32 4 0 0 0 0.776203
12 32 16 4096 32 8 0 0 0 0.776631
12 32 16 4096 4 1 0 0 0 0.785546
12 32 16 4096 4 2 0 0 0 0.779462
12 32 16 4096 4 4 0 0 0 0.780199
12 32 16 4096 64 2 0 0 0 0.803405
12 32 16 4096 64 32 0 0 0 0.812862
12 32 16 4096 64 4 0 0 0 0.80718
12 32 16 4096 64 8 0 0 0 0.810286
12 32 16 4096 8 1 0 0 0 0.783678
12 32 16 4096 8 2 0 0 0 0.777372
12 32 16 4096 8 4 0 0 0 0.77437
12 32 16 4096 8 8 0 0 0 0.77509
12 64 16 4096 1 1 0 0 0 0.807296
12 64 16 4096 16 1 0 0 0 0.780177
12 64 16 4096 16 16 0 0 0 0.771879
12 64 16 4096 16 2 0 0 0 0.77388
12 64 16 4096 16 4 0 0 0 0.771099
12 64 16 4096 16 8 0 0 0 0.770162
12 64 16 4096 2 1 0 0 0 0.788299
12 64 16 4096 2 2 0 0 0 0.788263
12 64 16 4096 32 2 0 0 0 0.773469
12 64 16 4096 32 32 0 0 0 0.771552
12 64 16 4096 32 4 0 0 0 0.770596
12 64 16 4096 32 8 0 0 0 0.769831
12 64 16 4096 4 1 0 0 0 0.782401
12 64 16 4096 4 2 0 0 0 0.776278
12 64 16 4096 4 4 0 0 0 0.777024
12 64 16 4096 64 2 0 0 0 0.775242
12 64 16 4096 64 32 0 0 0 0.776034
12 64 16 4096 64 4 0 0 0 0.773082
12 64 16 4096 64 8 0 0 0 0.773212
12 64 16 4096 8 1 0 0 0 0.780569
12 64 16 4096 8 2 0 0 0 0.773953
12 64 16 4096 8 4 0 0 0 0.770735
12 64 16 4096 8 8 0 0 0 0.771132
12 8 16 4096 1 1 0 0 0 0.878289
12 8 16 4096 16 1 0 0 0 0.87378
12 8 16 4096 16 16 0 0 0 0.884977
12 8 16 4096 16 2 0 0 0 0.873922
12 8 16 4096 16 4 0 0 0 0.877126
12 8 16 4096 16 8 0 0 0 0.880523
12 8 16 4096 2 1 0 0 0 0.861064
12 8 16 4096 2 2 0 0 0 0.861823
12 8 16 4096 32 2 0 0 0 0.944057
12 8 16 4096 32 32 0 0 0 0.942776
12 8 16 4096 32 4 0 0 0 0.94407
12 8 16 4096 32 8 0 0 0 0.942949
12 8 16 4096 4 1 0 0 0 0.85498
12 8 16 4096 4 2 0 0 0 0.849376
12 8 16 4096 4 4 0 0 0 0.850752
12 8 16 4096 64 2 0 0 0 0.997322
12 8 16 4096 64 32 0 0 0 0.991041
12 8 16 4096 64 4 0 0 0 0.999558
12 8 16 4096 64 8 0 0 0 0.997165
12 8 16 4096 8 1 0 0 0 0.855652
12 8 16 4096 8 2 0 0 0 0.849596
12 8 16 4096 8 4 0 0 0 0.848462
12 8 16 4096 8 8 0 0 0 0.852912
16 16 16 4096 1 1 0 0 0 0.803422
16 16 16 4096 16 1 0 0 0 0.797155
16 16 16 4096 16 16 0 0 0 0.800103
16 16 16 4096 16 2 0 0 0 0.795462
16 16 16 4096 16 4 0 0 0 0.795436
16 16 16 4096 16 8 0 0 0 0.797144
16 16 16 4096 2 1 0 0 0 0.797284
16 16 16 4096 2 2 0 0 0 0.796328
16 16 16 4096 32 2 0 0 0 0.822618
16 16 16 4096 32 32 0 0 0 0.833209
16 16 16 4096 32 4 0 0 0 0.826737
16 16 16 4096 32 8 0 0 0 0.830336
16 16 16 4096 4 1 0 0 0 0.796253
16 16 16 4096 4 2 0 0 0 0.793343
16 16 16 4096 4 4 0 0 0 0.792728
16 16 16 4096 64 2 0 0 0 0.8953
16 16 16 4096 64 32 0 0 0 0.89281
16 16 16 4096 64 4 0 0 0 0.897023
16 16 16 4096 64 8 0 0 0 0.896664
16 16 16 4096 8 1 0 0 0 0.796071
16 16 16 4096 8 2 0 0 0 0.793409
16 16 16 4096 8 4 0 0 0 0.792147
16 16 16 4096 8 8 0 0 0 0.792857
16 32 16 4096 1 1 0 0 0 0.78235
16 32 16 4096 16 1 0 0 0 0.774796
16 32 16 4096 16 16 0 0 0 0.772947
16 32 16 4096 16 2 0 0 0 0.772349
16 32 16 4096 16 4 0 0 0 0.771489
16 32 16 4096 16 8 0 0 0 0.771892
16 32 16 4096 2 1 0 0 0 0.775748
16 32 16 4096 2 2 0 0 0 0.77491
16 32 16 4096 32 2 0 0 0 0.774586
16 32 16 4096 32 32 0 0 0 0.778088
16 32 16 4096 32 4 0 0 0 0.774181
16 32 16 4096 32 8 0 0 0 0.775232
16 32 16 4096 4 1 0 0 0 0.774605
16 32 16 4096 4 2 0 0 0 0.771545
16 32 16 4096 4 4 0 0 0 0.770846
16 32 16 4096 64 2 0 0 0 0.801122
16 32 16 4096 64 32 0 0 0 0.812367
16 32 16 4096 64 4 0 0 0 0.80521
16 32 16 4096 64 8 0 0 0 0.809625
16 32 16 4096 8 1 0 0 0 0.774301
16 32 16 4096 8 2 0 0 0 0.771667
16 32 16 4096 8 4 0 0 0 0.770332
16 32 16 4096 8 8 0 0 0 0.770531
16 64 16 4096 1 1 0 0 0 0.77951
16 64 16 4096 16 1 0 0 0 0.771458
16 64 16 4096 16 16 0 0 0 0.768104
16 64 16 4096 16 2 0 0 0 0.768876
16 64 16 4096 16 4 0 0 0 0.767785
16 64 16 4096 16 8 0 0 0 0.767398
16 64 16 4096 2 1 0 0 0 0.772739
16 64 16 4096 2 2 0 0 0 0.771971
16 64 16 4096 32 2 0 0 0 0.769648
16 64 16 4096 32 32 0 0 0 0.769367
16 64 16 4096 32 4 0 0 0 0.768878
16 64 16 4096 32 8 0 0 0 0.768762
16 64 16 4096 4 1 0 0 0 0.771613
16 64 16 4096 4 2 0 0 0 0.768548
16 64 16 4096 4 4 0 0 0 0.767877
16 64 16 4096 64 2 0 0 0 0.773249
16 64 16 4096 64 32 0 0 0 0.774337
16 64 16 4096 64 4 0 0 0 0.772719
16 64 16 4096 64 8 0 0 0 0.773097
16 64 16 4096 8 1 0 0 0 0.77114
16 64 16 4096 8 2 0 0 0 0.768176
16 64 16 4096 8 4 0 0 0 0.766737
16 64 16 4096 8 8 0 0 0 0.766682
16 8 16 4096 1 1 0 0 0 0.850535
16 8 16 4096 16 1 0 0 0 0.868348
16 8 16 4096 16 16 0 0 0 0.881276
16 8 16 4096 16 2 0 0 0 0.870793
16 8 16 4096 16 4 0 0 0 0.874984
16 8 16 4096 16 8 0 0 0 0.87842
16 8 16 4096 2 1 0 0 0 0.845229
16 8 16 4096 2 2 0 0 0 0.84441
16 8 16 4096 32 2 0 0 0 0.941971
16 8 16 4096 32 32 0 0 0 0.940777
16 8 16 4096 32 4 0 0 0 0.942231
16 8 16 4096 32 8 0 0 0 0.941796
16 8 16 4096 4 1 0 0 0 0.844097
16 8 16 4096 4 2 0 0 0 0.84125
16 8 16 4096 4 4 0 0 0 0.84093
16 8 16 4096 64 2 0 0 0 0.99485
16 8 16 4096 64 32 0 0 0 0.988861
16 8 16 4096 64 4 0 0 0 0.997841
16 8 16 4096 64 8 0 0 0 0.996215
16 8 16 4096 8 1 0 0 0 0.845521
16 8 16 4096 8 2 0 0 0 0.843242
16 8 16 4096 8 4 0 0 0 0.843058
16 8 16 4096 8 8 0 0 0 0.8459
2 16 16 4096 1 1 0 0 0 1.0052
2 16 16 4096 16 1 0 0 0 0.883675
2 16 16 4096 16 16 0 0 0 0.851843
2 16 16 4096 16 2 0 0 0 0.844017
2 16 16 4096 16 4 0 0 0 0.832797
2 16 16 4096 16 8 0 0 0 0.838843
2 16 16 4096 2 1 0 0 0 0.928666
2 16 16 4096 2 2 0 0 0 0.92648
2 16 16 4096 32 2 0 0 0 0.856956
2 16 16 4096 32 32 0 0 0 0.880367
2 16 16 4096 32 4 0 0 0 0.853401
2 16 16 4096 32 8 0 0 0 0.858366
2 16 16 4096 4 1 0 0 0 0.897003
2 16 16 4096 4 2 0 0 0 0.872178
2 16 16 4096 4 4 0 0 0 0.875989
2 16 16 4096 64 2 0 0 0 0.930852
2 16 16 4096 64 32 0 0 0 0.934891
2 16 16 4096 64 4 0 0 0 0.929546
2 16 16 4096 64 8 0 0 0 0.930968
2 16 16 4096 8 1 0 0 0 0.885751
2 16 16 4096 8 2 0 0 0 0.851816
2 16 16 4096 8 4 0 0 0 0.842787
2 16 16 4096 8 8 0 0 0 0.850156
2 32 16 4096 1 1 0 0 0 0.984217
2 32 16 4096 16 1 0 0 0 0.860005
2 32 16 4096 16 16 0 0 0 0.811959
2 32 16 4096 16 2 0 0 0 0.819879
2 32 16 4096 16 4 0 0 0 0.805191
2 32 16 4096 16 8 0 0 0 0.805709
2 32 16 4096 2 1 0 0 0 0.906502
2 32 16 4096 2 2 0 0 0 0.903901
2 32 16 4096 32 2 0 0 0 0.813678
2 32 16 4096 32 32 0 0 0 0.811734
2 32 16 4096 32 4 0 0 0 0.798493
2 32 16 4096 32 8 0 0 0 0.796791
2 32 16 4096 4 1 0 0 0 0.875163
2 32 16 4096 4 2 0 0 0 0.849835
2 32 16 4096 4 4 0 0 0 0.852865
2 32 16 4096 64 2 0 0 0 0.830373
2 32 16 4096 64 32 0 0 0 0.836472
2 32 16 4096 64 4 0 0 0 0.826519
2 32 16 4096 64 8 0 0 0 0.828801
2 32 16 4096 8 1 0 0 0 0.863859
2 32 16 4096 8 2 0 0 0 0.829699
2 32 16 4096 8 4 0 0 0 0.819811
2 32 16 4096 8 8 0 0 0 0.825442
2 64 16 4096 1 1 0 0 0 0.981145
2 64 16 4096 16 1 0 0 0 0.85611
2 64 16 4096 16 16 0 0 0 0.805499
2 64 16 4096 16 2 0 0 0 0.815958
2 64 16 4096 16 4 0 0 0 0.800873
2 64 16 4096 16 8 0 0 0 0.800129
2 64 16 4096 2 1 0 0 0 0.902917
2 64 16 4096 2 2 0 0 0 0.900006
2 64 16 4096 32 2 0 0 0 0.808747
2 64 16 4096 32 32 0 0 0 0.792847
2 64 16 4096 32 4 0 0 0 0.790869
2 64 16 4096 32 8 0 0 0 0.786341
2 64 16 4096 4 1 0 0 0 0.871597
2 64 16 4096 4 2 0 0 0 0.846309
2 64 16 4096 4 4 0 0 0 0.848952
2 64 16 4096 64 2 0 0 0 0.807079
2 64 16 4096 64 32 0 0 0 0.790577
2 64 16 4096 64 4 0 0 0 0.790998
2 64 16 4096 64 8 0 0 0 0.786135
2 64 16 4096 8 1 0 0 0 0.860364
2 64 16 4096 8 2 0 0 0 0.825832
2 64 16 4096 8 4 0 0 0 0.815595
2 64 16 4096 8 8 0 0 0 0.819648
2 8 16 4096 1 1 0 0 0 1.05211
2 8 16 4096 16 1 0 0 0 0.938318
2 8 16 4096 16 16 0 0 0 0.956326
2 8 16 4096 16 2 0 0 0 0.912659
2 8 16 4096 16 4 0 0 0 0.914612
2 8 16 4096 16 8 0 0 0 0.931859
2 8 16 4096 2 1 0 0 0 0.978221
2 8 16 4096 2 2 0 0 0 0.977577
2 8 16 4096 32 2 0 0 0 0.982796
2 8 16 4096 32 32 0 0 0 1.00239
2 8 16 4096 32 4 0 0 0 0.98277
2 8 16 4096 32 8 0 0 0 0.984931
2 8 16 4096 4 1 0 0 0 0.946262
2 8 16 4096 4 2 0 0 0 0.922429
2 8 16 4096 4 4 0 0 0 0.928155
2 8 16 4096 64 2 0 0 0 1.03788
2 8 16 4096 64 32 0 0 0 1.04545
2 8 16 4096 64 4 0 0 0 1.04125
2 8 16 4096 64 8 0 0 0 1.04293
2 8 16 4096 8 1 0 0 0 0.937772
2 8 16 4096 8 2 0 0 0 0.906914
2 8 16 4096 8 4 0 0 0 0.904511
2 8 16 4096 8 8 0 0 0 0.920588
20 16 16 4096 1 1 0 0 0 0.802952
20 16 16 4096 16 1 0 0 0 0.797077
20 16 16 4096 16 16 0 0 0 0.799433
20 16 16 4096 16 2 0 0 0 0.795507
20 16 16 4096 16 4 0 0 0 0.79567
20 16 16 4096 16 8 0 0 0 0.79688
20 16 16 4096 2 1 0 0 0 0.796894
20 16 16 4096 2 2 0 0 0 0.796041
20 16 16 4096 32 2 0 0 0 0.822978
20 16 16 4096 32 32 0 0 0 0.832926
20 16 16 4096 32 4 0 0 0 0.827099
20 16 16 4096 32 8 0 0 0 0.83046
20 16 16 4096 4 1 0 0 0 0.796059
20 16 16 4096 4 2 0 0 0 0.793249
20 16 16 4096 4 4 0 0 0 0.792499
20 16 16 4096 64 2 0 0 0 0.896026
20 16 16 4096 64 32 0 0 0 0.892727
20 16 16 4096 64 4 0 0 0 0.89767
20 16 16 4096 64 8 0 0 0 0.897111
20 16 16 4096 8 1 0 0 0 0.795829
20 16 16 4096 8 2 0 0 0 0.793409
20 16 16 4096 8 4 0 0 0 0.792189
20 16 16 4096 8 8 0 0 0 0.792725
20 32 16 4096 1 1 0 0 0 0.781801
20 32 16 4096 16 1 0 0 0 0.774646
20 32 16 4096 16 16 0 0 0 0.772287
20 32 16 4096 16 2 0 0 0 0.772291
20 32 16 4096 16 4 0 0 0 0.771525
20 32 16 4096 16 8 0 0 0 0.771548
20 32 16 4096 2 1 0 0 0 0.775452
20 32 16 4096 2 2 0 0 0 0.774548
20 32 16 4096 32 2 0 0 0 0.774817
20 32 16 4096 32 32 0 0 0 0.777935
20 32 16 4096 32 4 0 0 0 0.774451
20 32 16 4096 32 8 0 0 0 0.775398
20 32 16 4096 4 1 0 0 0 0.774398
20 32 16 4096 4 2 0 0 0 0.771397
20 32 16 4096 4 4 0 0 0 0.770631
20 32 16 4096 64 2 0 0 0 0.801932
20 32 16 4096 64 32 0 0 0 0.812524
20 32 16 4096 64 4 0 0 0 0.80607
20 32 16 4096 64 8 0 0 0 0.810186
20 32 16 4096 8 1 0 0 0 0.774138
20 32 16 4096 8 2 0 0 0 0.7716
20 32 16 4096 8 4 0 0 0 0.770208
20 32 16 4096 8 8 0 0 0 0.770232
20 64 16 4096 1 1 0 0 0 0.778948
20 64 16 4096 16 1 0 0 0 0.771322
20 64 16 4096 16 16 0 0 0 0.767553
20 64 16 4096 16 2 0 0 0 0.768877
20 64 16 4096 16 4 0 0 0 0.767849
20 64 16 4096 16 8 0 0 0 0.767294
20 64 16 4096 2 1 0 0 0 0.772456
20 64 16 4096 2 2 0 0 0 0.771611
20 64 16 4096 32 2 0 0 0 0.769833
20 64 16 4096 32 32 0 0 0 0.769044
20 64 16 4096 32 4 0 0 0 0.76902
20 64 16 4096 32 8 0 0 0 0.768836
20 64 16 4096 4 1 0 0 0 0.771445
20 64 16 4096 4 2 0 0 0 0.768494
20 64 16 4096 4 4 0 0 0 0.767665
20 64 16 4096 64 2 0 0 0 0.774016
20 64 16 4096 64 32 0 0 0 0.774513
20 64 16 4096 64 4 0 0 0 0.773462
20 64 16 4096 64 8 0 0 0 0.773661
20 64 16 4096 8 1 0 0 0 0.770922
20 64 16 4096 8 2 0 0 0 0.768143
20 64 16 4096 8 4 0 0 0 0.766664
20 64 16 4096 8 8 0 0 0 0.766466
20 8 16 4096 1 1 0 0 0 0.849987
20 8 16 4096 16 1 0 0 0 0.868362
20 8 16 4096 16 16 0 0 0 0.880766
20 8 16 4096 16 2 0 0 0 0.870832
20 8 16 4096 16 4 0 0 0 0.87493
20 8 16 4096 16 8 0 0 0 0.878169
20 8 16 4096 2 1 0 0 0 0.844965
20 8 16 4096 2 2 0 0 0 0.844116
20 8 16 4096 32 2 0 0 0 0.942231
20 8 16 4096 32 32 0 0 0 0.940412
20 8 16 4096 32 4 0 0 0 0.942415
20 8 16 4096 32 8 0 0 0 0.94158
20 8 16 4096 4 1 0 0 0 0.843937
20 8 16 4096 4 2 0 0 0 0.84115
20 8 16 4096 4 4 0 0 0 0.840763
20 8 16 4096 64 2 0 0 0 0.995743
20 8 16 4096 64 32 0 0 0 0.989287
20 8 16 4096 64 4 0 0 0 0.998597
20 8 16 4096 64 8 0 0 0 0.996694
20 8 16 4096 8 1 0 0 0 0.845266
20 8 16 4096 8 2 0 0 0 0.843129
20 8 16 4096 8 4 0 0 0 0.842838
20 8 16 4096 8 8 0 0 0 0.845419
3 32 16 4096 32 32 0 0 0 0.811009
4 16 16 4096 1 1 0 0 0 0.888575
4 16 16 4096 16 1 0 0 0 0.830769
4 16 16 4096 16 16 0 0 0 0.818449
4 16 16 4096 16 2 0 0 0 0.812627
4 16 16 4096 16 4 0 0 0 0.807722
4 16 16 4096 16 8 0 0 0 0.810905
4 16 16 4096 2 1 0 0 0 0.850906
4 16 16 4096 2 2 0 0 0 0.850156
4 16 16 4096 32 2 0 0 0 0.832823
4 16 16 4096 32 32 0 0 0 0.844067
4 16 16 4096 32 4 0 0 0 0.834053
4 16 16 4096 32 8 0 0 0 0.836915
4 16 16 4096 4 1 0 0 0 0.836039
4 16 16 4096 4 2 0 0 0 0.82389
4 16 16 4096 4 4 0 0 0 0.826444
4 16 16 4096 64 2 0 0 0 0.903254
4 16 16 4096 64 32 0 0 0 0.90042
4 16 16 4096 64 4 0 0 0 0.90311
4 16 16 4096 64 8 0 0 0 0.902388
4 16 16 4096 8 1 0 0 0 0.830841
4 16 16 4096 8 2 0 0 0 0.81405
4 16 16 4096 8 4 0 0 0 0.809731
4 16 16 4096 8 8 0 0 0 0.813721
4 32 16 4096 1 1 0 0 0 0.867688
4 32 16 4096 16 1 0 0 0 0.807702
4 32 16 4096 16 16 0 0 0 0.786444
4 32 16 4096 16 2 0 0 0 0.78868
4 32 16 4096 16 4 0 0 0 0.782753
4 32 16 4096 16 8 0 0 0 0.782822
4 32 16 4096 2 1 0 0 0 0.829055
4 32 16 4096 2 2 0 0 0 0.828223
4 32 16 4096 32 16 0 0 0 0.785
4 32 16 4096 32 2 0 0 0 0.788036
4 32 16 4096 32 32 0 0 0 0.788789
4 32 16 4096 32 4 0 0 0 0.782395
4 32 16 4096 32 8 0 0 0 0.782097
4 32 16 4096 4 1 0 0 0 0.814341
4 32 16 4096 4 2 0 0 0 0.801916
4 32 16 4096 4 4 0 0 0 0.803961
4 32 16 4096 64 2 0 0 0 0.80891
4 32 16 4096 64 32 0 0 0 0.817075
4 32 16 4096 64 4 0 0 0 0.811085
4 32 16 4096 64 8 0 0 0 0.814054
4 32 16 4096 8 1 0 0 0 0.809136
4 32 16 4096 8 2 0 0 0 0.792153
4 32 16 4096 8 4 0 0 0 0.787263
4 32 16 4096 8 8 0 0 0 0.79045
4 64 16 4096 1 1 0 0 0 0.864778
4 64 16 4096 16 1 0 0 0 0.804051
4 64 16 4096 16 16 0 0 0 0.781069
4 64 16 4096 16 2 0 0 0 0.785044
4 64 16 4096 16 4 0 0 0 0.778745
4 64 16 4096 16 8 0 0 0 0.777836
4 64 16 4096 2 1 0 0 0 0.825809
4 64 16 4096 2 2 0 0 0 0.824733
4 64 16 4096 32 2 0 0 0 0.782402
4 64 16 4096 32 32 0 0 0 0.776721
4 64 16 4096 32 4 0 0 0 0.775851
4 64 16 4096 32 8 0 0 0 0.773859
4 64 16 4096 4 1 0 0 0 0.811091
4 64 16 4096 4 2 0 0 0 0.798575
4 64 16 4096 4 4 0 0 0 0.800628
4 64 16 4096 64 2 0 0 0 0.783126
4 64 16 4096 64 32 0 0 0 0.77895
4 64 16 4096 64 4 0 0 0 0.777224
4 64 16 4096 64 8 0 0 0 0.776229
4 64 16 4096 8 1 0 0 0 0.805817
4 64 16 4096 8 2 0 0 0 0.78868
4 64 16 4096 8 4 0 0 0 0.783535
4 64 16 4096 8 8 0 0 0 0.785977
4 8 16 4096 1 1 0 0 0 0.935455
4 8 16 4096 16 1 0 0 0 0.891178
4 8 16 4096 16 16 0 0 0 0.901564
4 8 16 4096 16 2 0 0 0 0.8838
4 8 16 4096 16 4 0 0 0 0.88534
4 8 16 4096 16 8 0 0 0 0.890903
4 8 16 4096 2 1 0 0 0 0.899501
4 8 16 4096 2 2 0 0 0 0.899893
4 8 16 4096 32 2 0 0 0 0.951828
4 8 16 4096 32 32 0 0 0 0.951534
4 8 16 4096 32 4 0 0 0 0.951448
4 8 16 4096 32 8 0 0 0 0.950744
4 8 16 4096 4 1 0 0 0 0.884079
4 8 16 4096 4 2 0 0 0 0.872564
4 8 16 4096 4 4 0 0 0 0.876164
4 8 16 4096 64 2 0 0 0 1.00273
4 8 16 4096 64 32 0 0 0 0.999985
4 8 16 4096 64 4 0 0 0 1.00482
4 8 16 4096 64 8 0 0 0 1.00335
4 8 16 4096 8 1 0 0 0 0.881112
4 8 16 4096 8 2 0 0 0 0.86596
4 8 16 4096 8 4 0 0 0 0.864694
4 8 16 4096 8 8 0 0 0 0.87363
5 32 16 4096 32 4 0 0 0 0.78237
6 16 16 4096 1 1 0 0 0 0.887345
6 16 16 4096 16 1 0 0 0 0.830657
6 16 16 4096 16 16 0 0 0 0.818712
6 16 16 4096 16 2 0 0 0 0.812731
6 16 16 4096 16 4 0 0 0 0.808012
6 16 16 4096 16 8 0 0 0 0.810744
6 16 16 4096 2 1 0 0 0 0.850585
6 16 16 4096 2 2 0 0 0 0.850531
6 16 16 4096 32 2 0 0 0 0.833348
6 16 16 4096 32 32 0 0 0 0.84427
6 16 16 4096 32 4 0 0 0 0.834184
6 16 16 4096 32 8 0 0 0 0.836802
6 16 16 4096 4 1 0 0 0 0.835777
6 16 16 4096 4 2 0 0 0 0.823557
6 16 16 4096 4 4 0 0 0 0.82608
6 16 16 4096 64 2 0 0 0 0.903529
6 16 16 4096 64 32 0 0 0 0.900019
6 16 16 4096 64 4 0 0 0 0.903156
6 16 16 4096 64 8 0 0 0 0.902263
6 16 16 4096 8 1 0 0 0 0.83063
6 16 16 4096 8 2 0 0 0 0.813867
6 16 16 4096 8 4 0 0 0 0.80966
6 16 16 4096 8 8 0 0 0 0.813814
6 32 16 4096 1 1 0 0 0 0.86645
6 32 16 4096 16 1 0 0 0 0.80759
6 32 16 4096 16 16 0 0 0 0.785985
6 32 16 4096 16 2 0 0 0 0.788666
6 32 16 4096 16 4 0 0 0 0.782632
6 32 16 4096 16 8 0 0 0 0.782749
6 32 16 4096 2 1 0 0 0 0.828883
6 32 16 4096 2 2 0 0 0 0.828287
6 32 16 4096 32 2 0 0 0 0.788062
6 32 16 4096 32 32 0 0 0 0.789388
6 32 16 4096 32 4 0 0 0 0.782387
6 32 16 4096 32 8 0 0 0 0.78187
6 32 16 4096 4 1 0 0 0 0.814206
6 32 16 4096 4 2 0 0 0 0.801549
6 32 16 4096 4 4 0 0 0 0.803625
6 32 16 4096 64 2 0 0 0 0.808902
6 32 16 4096 64 32 0 0 0 0.81623
6 32 16 4096 64 4 0 0 0 0.810784
6 32 16 4096 64 8 0 0 0 0.813494
6 32 16 4096 8 1 0 0 0 0.808933
6 32 16 4096 8 2 0 0 0 0.792011
6 32 16 4096 8 4 0 0 0 0.78722
6 32 16 4096 8 8 0 0 0 0.790343
6 64 16 4096 1 1 0 0 0 0.863389
6 64 16 4096 16 1 0 0 0 0.803888
6 64 16 4096 16 16 0 0 0 0.780802
6 64 16 4096 16 2 0 0 0 0.784963
6 64 16 4096 16 4 0 0 0 0.778605
6 64 16 4096 16 8 0 0 0 0.777655
6 64 16 4096 2 1 0 0 0 0.825411
6 64 16 4096 2 2 0 0 0 0.824722
6 64 16 4096 32 2 0 0 0 0.78224
6 64 16 4096 32 32 0 0 0 0.776741
6 64 16 4096 32 4 0 0 0 0.77568
6 64 16 4096 32 8 0 0 0 0.774036
6 64 16 4096 4 1 0 0 0 0.810908
6 64 16 4096 4 2 0 0 0 0.798166
6 64 16 4096 4 4 0 0 0 0.800118
6 64 16 4096 64 2 0 0 0 0.783355
6 64 16 4096 64 32 0 0 0 0.778902
6 64 16 4096 64 4 0 0 0 0.777255
6 64 16 4096 64 8 0 0 0 0.77635
6 64 16 4096 8 1 0 0 0 0.805647
6 64 16 4096 8 2 0 0 0 0.788622
6 64 16 4096 8 4 0 0 0 0.783647
6 64 16 4096 8 8 0 0 0 0.786157
6 8 16 4096 1 1 0 0 0 0.934172
6 8 16 4096 16 1 0 0 0 0.891113
6 8 16 4096 16 16 0 0 0 0.901372
6 8 16 4096 16 2 0 0 0 0.883379
6 8 16 4096 16 4 0 0 0 0.884614
6 8 16 4096 16 8 0 0 0 0.890009
6 8 16 4096 2 1 0 0 0 0.899106
6 8 16 4096 2 2 0 0 0 0.899
6 8 16 4096 32 2 0 0 0 0.951769
6 8 16 4096 32 32 0 0 0 0.950853
6 8 16 4096 32 4 0 0 0 0.950851
6 8 16 4096 32 8 0 0 0 0.949896
6 8 16 4096 4 1 0 0 0 0.883909
6 8 16 4096 4 2 0 0 0 0.872118
6 8 16 4096 4 4 0 0 0 0.875811
6 8 16 4096 64 2 0 0 0 1.00441
6 8 16 4096 64 32 0 0 0 0.999155
6 8 16 4096 64 4 0 0 0 1.00596
6 8 16 4096 64 8 0 0 0 1.00387
6 8 16 4096 8 1 0 0 0 0.880787
6 8 16 4096 8 2 0 0 0 0.865586
6 8 16 4096 8 4 0 0 0 0.864545
6 8 16 4096 8 8 0 0 0 0.873756
7 32 16 4096 16 1 0 0 0 0.807678
7 32 16 4096 4 4 0 0 0 0.803724
7 32 16 4096 8 1 0 0 0 0.80895
7 32 16 4096 8 4 0 0 0 0.787368
8 16 16 4096 1 1 0 0 0 0.832019
8 16 16 4096 16 1 0 0 0 0.80667
8 16 16 4096 16 16 0 0 0 0.805919
8 16 16 4096 16 2 0 0 0 0.801013
8 16 16 4096 16 4 0 0 0 0.799189
8 16 16 4096 16 8 0 0 0 0.800958
8 16 16 4096 2 1 0 0 0 0.813433
8 16 16 4096 2 2 0 0 0 0.813618
8 16 16 4096 32 2 0 0 0 0.824908
8 16 16 4096 32 32 0 0 0 0.836084
8 16 16 4096 32 4 0 0 0 0.827999
8 16 16 4096 32 8 0 0 0 0.831072
8 16 16 4096 4 1 0 0 0 0.80746
8 16 16 4096 4 2 0 0 0 0.801395
8 16 16 4096 4 4 0 0 0 0.802326
8 16 16 4096 64 2 0 0 0 0.896929
8 16 16 4096 64 32 0 0 0 0.894063
8 16 16 4096 64 4 0 0 0 0.897456
8 16 16 4096 64 8 0 0 0 0.896697
8 16 16 4096 8 1 0 0 0 0.8057
8 16 16 4096 8 2 0 0 0 0.799393
8 16 16 4096 8 4 0 0 0 0.796526
8 16 16 4096 8 8 0 0 0 0.798202
8 32 16 4096 1 1 0 0 0 0.810891
8 32 16 4096 16 1 0 0 0 0.783886
8 32 16 4096 16 16 0 0 0 0.776956
8 32 16 4096 16 2 0 0 0 0.777666
8 32 16 4096 16 4 0 0 0 0.77503
8 32 16 4096 16 8 0 0 0 0.774939
8 32 16 4096 2 1 0 0 0 0.791871
8 32 16 4096 2 2 0 0 0 0.79192
8 32 16 4096 32 2 0 0 0 0.778302
8 32 16 4096 32 32 0 0 0 0.781521
8 32 16 4096 32 4 0 0 0 0.776132
8 32 16 4096 32 8 0 0 0 0.776671
8 32 16 4096 4 1 0 0 0 0.785918
8 32 16 4096 4 2 0 0 0 0.779626
8 32 16 4096 4 4 0 0 0 0.780455
8 32 16 4096 64 2 0 0 0 0.802656
8 32 16 4096 64 32 0 0 0 0.812701
8 32 16 4096 64 4 0 0 0 0.80643
8 32 16 4096 64 8 0 0 0 0.809761
8 32 16 4096 8 1 0 0 0 0.783997
8 32 16 4096 8 2 0 0 0 0.77754
8 32 16 4096 8 4 0 0 0 0.774524
8 32 16 4096 8 8 0 0 0 0.775384
8 64 16 4096 1 1 0 0 0 0.808116
8 64 16 4096 16 1 0 0 0 0.780377
8 64 16 4096 16 16 0 0 0 0.772171
8 64 16 4096 16 2 0 0 0 0.773873
8 64 16 4096 16 4 0 0 0 0.771057
8 64 16 4096 16 8 0 0 0 0.770363
8 64 16 4096 2 1 0 0 0 0.788612
8 64 16 4096 2 2 0 0 0 0.788756
8 64 16 4096 32 2 0 0 0 0.773227
8 64 16 4096 32 32 0 0 0 0.771797
8 64 16 4096 32 4 0 0 0 0.77031
8 64 16 4096 32 8 0 0 0 0.769644
8 64 16 4096 4 1 0 0 0 0.782693
8 64 16 4096 4 2 0 0 0 0.776461
8 64 16 4096 4 4 0 0 0 0.777169
8 64 16 4096 64 2 0 0 0 0.774598
8 64 16 4096 64 32 0 0 0 0.775906
8 64 16 4096 64 4 0 0 0 0.772518
8 64 16 4096 64 8 0 0 0 0.77279
8 64 16 4096 8 1 0 0 0 0.780793
8 64 16 4096 8 2 0 0 0 0.774031
8 64 16 4096 8 4 0 0 0 0.770794
8 64 16 4096 8 8 0 0 0 0.771476
8 8 16 4096 1 1 0 0 0 0.879102
8 8 16 4096 16 1 0 0 0 0.873893
8 8 16 4096 16 16 0 0 0 0.885977
8 8 16 4096 16 2 0 0 0 0.87384
8 8 16 4096 16 4 0 0 0 0.877388
8 8 16 4096 16 8 0 0 0 0.881316
8 8 16 4096 2 1 0 0 0 0.861447
8 8 16 4096 2 2 0 0 0 0.862075
8 8 16 4096 32 2 0 0 0 0.943797
8 8 16 4096 32 32 0 0 0 0.942648
8 8 16 4096 32 4 0 0 0 0.944003
8 8 16 4096 32 8 0 0 0 0.942997
8 8 16 4096 4 1 0 0 0 0.855338
8 8 16 4096 4 2 0 0 0 0.84953
8 8 16 4096 4 4 0 0 0 0.850908
8 8 16 4096 64 2 0 0 0 0.996243
8 8 16 4096 64 32 0 0 0 0.990835
8 8 16 4096 64 4 0 0 0 0.998449
8 8 16 4096 64 8 0 0 0 0.996288
8 8 16 4096 8 1 0 0 0 0.855777
8 8 16 4096 8 2 0 0 0 0.849598
8 8 16 4096 8 4 0 0 0 0.848636
8 8 16 4096 8 8 0 0 0 0.853662
